-25 -7 0.003115440805913652
-25 -6 0.005795762208692342
-25 -5 0.00010643574742383927
-25 -4 4.400106159939554e-05
-25 -3 0.00013756826551710534
-25 -2 5.3478350426852675e-05
-25 -1 8.701463913387681e-05
-25 0 5.7850504909280865e-05
-25 1 8.375375454310443e-05
-25 2 5.717778320260486e-05
-25 3 0.00013194981470432494
-25 4 4.608098277427121e-05
-25 5 0.00010473433923328124
-25 6 0.00580518140798657
-25 7 0.0031218078108645026
-24 -9 0.006028026645101425
-24 -8 4.8288150631311267e-05
-24 -7 6.634161797680998e-05
-24 -6 0.00014405699155758053
-24 -5 8.225555554358148e-05
-24 -4 0.0002475860840386939
-24 -3 9.846959051421453e-05
-24 -2 0.0001878791806106958
-24 -1 0.00010786792744045414
-24 0 0.0001332124931863713
-24 1 0.00011170760881670943
-24 2 0.000178950659586824
-24 3 0.0001038002467655508
-24 4 0.00024159128821352416
-24 5 7.989345992949975e-05
-24 6 0.00014753707842207368
-24 7 5.847481169885723e-05
-24 8 5.355895024411353e-05
-24 9 0.006035960731508435
-23 -12 0.0049472603281643865
-23 -11 2.2097535737327468e-05
-23 -10 0.00016925520444601783
-23 -9 5.358782436805448e-05
-23 -8 0.00013863469798416697
-23 -7 0.00014428503018129514
-23 -6 0.0001290807112964603
-23 -5 0.0002610687812722255
-23 -4 0.0001365593339136241
-23 -3 0.00025943100479586414
-23 -2 0.00014739156993260504
-23 -1 0.00018211965737529516
-23 0 0.00015488913011434892
-23 1 0.00017603344264479698
-23 2 0.00015340067412763126
-23 3 0.00025029687267419864
-23 4 0.00013618934007598942
-23 5 0.0002632711048813361
-23 6 0.00011599290925514424
-23 7 0.0001572895076656997
-23 8 0.00012249571936128714
-23 9 6.39753990806087e-05
-23 10 0.00016093889005039207
-23 11 2.5840701349363805e-05
-23 12 0.004954314753802176
-22 -13 0.00031729443803997867
-22 -12 3.879969169064865e-05
-22 -11 0.00041219460269159927
-22 -10 6.867683869437632e-05
-22 -9 0.00023958169471448556
-22 -8 0.00011873824537048558
-22 -7 0.00018511337108217084
-22 -6 0.00020974873633688957
-22 -5 0.00017146512656694357
-22 -4 0.0002624986443937075
-22 -3 0.00017809500096868522
-22 -2 0.00021939660848429833
-22 -1 0.0001857518614258247
-22 0 0.0001850761022805688
-22 1 0.00018888100780122344
-22 2 0.0002118204627891377
-22 3 0.000179496491484958
-22 4 0.0002620516181547847
-22 5 0.0001589144934110871
-22 6 0.00022478417022232553
-22 7 0.00016101282081560194
-22 8 0.0001393321996507019
-22 9 0.00021934635038035845
-22 10 8.104668748194676e-05
-22 11 0.00040425058110052527
-22 12 4.083110456474483e-05
-22 13 0.0003171924587805375
-21 -15 0.004902433914134815
-21 -14 0.00023499367578493026
-21 -13 6.533860755220076e-05
-21 -12 0.0005643407020420605
-21 -11 8.827356626317239e-05
-21 -10 0.0003438482665466768
-21 -9 0.00011540643174735769
-21 -8 0.00023185886971683014
-21 -7 0.00016498871709360588
-21 -6 0.0002029394035868591
-21 -5 0.0002225601733872656
-21 -4 0.00020204710756148724
-21 -3 0.000226923593720712
-21 -2 0.00020749567173861182
-21 -1 0.0002037872554513936
-21 0 0.000211439621365494
-21 1 0.00020079459313466624
-21 2 0.00020845317907565054
-21 3 0.00022583452782433934
-21 4 0.00019274353157655992
-21 5 0.00023552380642688825
-21 6 0.000178273255961022
-21 7 0.00018974634170662607
-21 8 0.00020326644774751155
-21 9 0.00013641177889929767
-21 10 0.00032677519633615335
-21 11 9.561135793917844e-05
-21 12 0.0005617632257141571
-21 13 6.3541598083835e-05
-21 14 0.00023670400203299187
-21 15 0.004909019866585417
-20 -16 0.006138612853425998
-20 -15 8.77396700857497e-05
-20 -14 0.00010279878214591485
-20 -13 0.00040896022701264153
-20 -12 0.00011785050689395047
-20 -11 0.0003626581889134142
-20 -10 0.00013087068996356192
-20 -9 0.00024642336656915866
-20 -8 0.0001545819571915826
-20 -7 0.00022492138089060296
-20 -6 0.0001904921451155571
-20 -5 0.0002195811374094455
-20 -4 0.00021517202359835224
-20 -3 0.00022310784292260368
-20 -2 0.00021429957400520485
-20 -1 0.00022577027825124532
-20 0 0.00021101567256168606
-20 1 0.0002254892890098996
-20 2 0.00021452492085702004
-20 3 0.0002167653189035023
-20 4 0.00022502524840845373
-20 5 0.00019933660633541934
-20 6 0.00021378545732872423
-20 7 0.00019503549409222225
-20 8 0.0001803777424595988
-20 9 0.0002223373318745552
-20 10 0.00014449013448280013
-20 11 0.0003545726210075413
-20 12 0.00011687214696394407
-20 13 0.0004122147532429176
-20 14 9.74151327465623e-05
-20 15 9.046357766848002e-05
-20 16 0.006146570309037531
-19 -17 7.870411166388235e-05
-19 -16 6.491368118259002e-05
-19 -15 0.00015699267833911505
-19 -14 0.00017927768732359676
-19 -13 0.00016222650428704535
-19 -12 0.0002696962042274771
-19 -11 0.00015471474757771555
-19 -10 0.00022723062812947913
-19 -9 0.0001651157107215258
-19 -8 0.00023155306335528818
-19 -7 0.00018377798571830815
-19 -6 0.00023008762671209126
-19 -5 0.000205265422359363
-19 -4 0.00023386611954946289
-19 -3 0.0002168385207366319
-19 -2 0.0002356954799978916
-19 -1 0.00022052888381500295
-19 0 0.00023571476255049412
-19 1 0.00022161451108523598
-19 2 0.00023143393737939415
-19 3 0.00022406429422628472
-19 4 0.00021951134722172244
-19 5 0.00022388385258757096
-19 6 0.00020464264927255417
-19 7 0.0002090933439254061
-19 8 0.00020553053994912295
-19 9 0.00018341067745198975
-19 10 0.00021380502558482984
-19 11 0.00015736186351589866
-19 12 0.0002711222183207588
-19 13 0.00015445380427104796
-19 14 0.00018585659358159146
-19 15 0.0001504522822459755
-19 16 6.772224518893795e-05
-19 17 7.715982018983655e-05
-18 -18 8.043753254360412e-05
-18 -17 0.00010424441097579117
-18 -16 0.0002026047547290938
-18 -15 0.00012825631069701644
-18 -14 0.00021391097818625394
-18 -13 0.0001773906945546684
-18 -12 0.0001852229150647248
-18 -11 0.00019940861150542755
-18 -10 0.000181495262816274
-18 -9 0.0002252187140978893
-18 -8 0.0001915486839834121
-18 -7 0.00023394764028399523
-18 -6 0.00020534453685680412
-18 -5 0.00024035322714390637
-18 -4 0.00021827123603138934
-18 -3 0.00024290700354228886
-18 -2 0.00022607235489582953
-18 -1 0.00024299474632269723
-18 0 0.00022967524261809384
-18 1 0.00024072804465985283
-18 2 0.0002309303104773024
-18 3 0.0002337800217146681
-18 4 0.00023144282021233604
-18 5 0.00022183241788845278
-18 6 0.00022624460771409618
-18 7 0.00021090863387997352
-18 8 0.0002109269876890704
-18 9 0.00020908095453417834
-18 10 0.00018853408066227972
-18 11 0.00019718510333822134
-18 12 0.00017895229997778167
-18 13 0.00018448252387747122
-18 14 0.00020395706541498303
-18 15 0.00013441553742395905
-18 16 0.00019780546994837563
-18 17 0.0001054882458469343
-18 18 8.013618388076995e-05
-17 -19 5.727892518702082e-05
-17 -18 0.00012273763885856207
-17 -17 0.00019901014650736826
-17 -16 0.00016736141073218696
-17 -15 0.00024623706251228534
-17 -14 0.0001633463067801494
-17 -13 0.00021632071955678266
-17 -12 0.00018507678761169
-17 -11 0.0001988847824759543
-17 -10 0.00021542526246715691
-17 -9 0.00020296765408347507
-17 -8 0.00023336342890261318
-17 -7 0.00021201726938936775
-17 -6 0.00024352236294682166
-17 -5 0.00022215626741017218
-17 -4 0.0002480017090195402
-17 -3 0.000230664477216569
-17 -2 0.00024893813502033815
-17 -1 0.00023583390751454899
-17 0 0.0002478826331059032
-17 1 0.00023818775016801614
-17 2 0.00024388317902107267
-17 3 0.00023893601998926462
-17 4 0.00023614819172499107
-17 5 0.0002370970133712175
-17 6 0.00022617790151079818
-17 7 0.00022896125717294675
-17 8 0.00021783624500159394
-17 9 0.0002128005645326647
-17 10 0.0002098674812455103
-17 11 0.00019651008282160756
-17 12 0.0001899022343820751
-17 13 0.00020665934972575981
-17 14 0.00017055638578535991
-17 15 0.00023906501369167909
-17 16 0.0001696510708941407
-17 17 0.0001981165152498295
-17 18 0.00012110454768700726
-17 19 5.824868838031348e-05
-16 -20 4.4765333400577595e-05
-16 -19 0.0016260344462437695
-16 -18 0.00015095112679943854
-16 -17 0.00019301048139643037
-16 -16 0.00023680732513652774
-16 -15 0.0001886692100862829
-16 -14 0.00023400493180262018
-16 -13 0.00018691198447659465
-16 -12 0.00021409317560793303
-16 -11 0.00020959527204280604
-16 -10 0.00021384961471355242
-16 -9 0.00023124525411826147
-16 -8 0.00022068596467736217
-16 -7 0.00024467631043707593
-16 -6 0.0002284449978804683
-16 -5 0.00025147255548617234
-16 -4 0.000235993376076053
-16 -3 0.0002539574867091502
-16 -2 0.00024165785005087685
-16 -1 0.00025418351385901713
-16 0 0.00024481100580015327
-16 1 0.0002521516418145153
-16 2 0.00024603887119560206
-16 3 0.00024726917494924703
-16 4 0.0002453530290612826
-16 5 0.00024010240156184268
-16 6 0.00024103212751522556
-16 7 0.0002322110444461797
-16 8 0.00023069565650157202
-16 9 0.00022411364085186638
-16 10 0.00021531154284705066
-16 11 0.00021111607629196836
-16 12 0.000207431134464499
-16 13 0.00019288906810230563
-16 14 0.00022668696647133076
-16 15 0.00019134701730490864
-16 16 0.0002354509784386235
-16 17 0.00018989378668745143
-16 18 0.0001539752876186193
-16 19 0.0016248187095936782
-16 20 4.6239034980634e-05
-15 -21 0.004979424141791915
-15 -20 0.0015873303907186893
-15 -19 0.0001331060666424334
-15 -18 0.0001823452783424075
-15 -17 0.00019681368810412267
-15 -16 0.00020769500463537984
-15 -15 0.00022897941592777766
-15 -14 0.000196887899873996
-15 -13 0.00022267588234952475
-15 -12 0.00020875454631027392
-15 -11 0.00022236188395762538
-15 -10 0.0002294958134587394
-15 -9 0.00022878689139377436
-15 -8 0.0002449096009308594
-15 -7 0.00023563566640715696
-15 -6 0.00025385890310420116
-15 -5 0.0002422360205352417
-15 -4 0.0002581904545216148
-15 -3 0.00024779486884400354
-15 -2 0.00025989434040551626
-15 -1 0.0002514241676156571
-15 0 0.000259506964510098
-15 1 0.00025305825661714205
-15 2 0.00025670888573565807
-15 3 0.0002528856004143527
-15 4 0.0002516350877578438
-15 5 0.0002503129844368176
-15 6 0.0002452940264341803
-15 7 0.00024378324284026192
-15 8 0.00023820664960448427
-15 9 0.00023236431608061032
-15 10 0.00022840500959907354
-15 11 0.00021934120030372124
-15 12 0.00021236605546992533
-15 13 0.0002170211611957531
-15 14 0.00019922058524932053
-15 15 0.00022745547961780136
-15 16 0.00020391408395417773
-15 17 0.0002012642738472636
-15 18 0.00017504162978885873
-15 19 0.00013803197287445642
-15 20 0.0015861305809992728
-15 21 0.004987551901306741
-14 -21 3.8903060216885606e-05
-14 -20 0.00023507753960769768
-14 -19 0.00014430538455916653
-14 -18 0.00018437689603653467
-14 -17 0.00020379692446454117
-14 -16 0.00020860536454549486
-14 -15 0.0002049740710494233
-14 -14 0.0002223478969951886
-14 -13 0.0002105265798847828
-14 -12 0.00022743548645345841
-14 -11 0.00022854116815047327
-14 -10 0.00023504187155972477
-14 -9 0.0002447925248446513
-14 -8 0.00024227850259225851
-14 -7 0.0002555303103903543
-14 -6 0.00024866732154547904
-14 -5 0.0002617252894966971
-14 -4 0.0002541283285718823
-14 -3 0.0002650006613902559
-14 -2 0.00025806553539141835
-14 -1 0.00026614312788347246
-14 0 0.00026013067399979127
-14 1 0.00026506732505154624
-14 2 0.00026035750924502957
-14 3 0.00026171282747453344
-14 4 0.0002586225646111466
-14 5 0.0002566266797649251
-14 6 0.00025418398729803196
-14 7 0.0002504834638314695
-14 8 0.0002460601277237258
-14 9 0.00024258238034291946
-14 10 0.0002346449542393222
-14 11 0.00022998745182361955
-14 12 0.00022401054776604066
-14 13 0.00021219173791584911
-14 14 0.00022091685961469815
-14 15 0.00020169587031708373
-14 16 0.0002129433250602361
-14 17 0.0001950036450544355
-14 18 0.0001917938790895718
-14 19 0.0001361079585545823
-14 20 0.00023940113373350466
-14 21 3.6674989901089486e-05
-13 -22 2.4862078916920247e-05
-13 -21 0.00037745893884837437
-13 -20 0.00010430772978310911
-13 -19 0.0002704254311324241
-13 -18 0.00017823754017666794
-13 -17 0.00019711615085684725
-13 -16 0.00020329055880483654
-13 -15 0.0002160725318962137
-13 -14 0.0002118987702206314
-13 -13 0.00022897005195735603
-13 -12 0.00022797039934415166
-13 -11 0.00023903903020273414
-13 -10 0.0002444443128706714
-13 -9 0.00024749758641832753
-13 -8 0.00025659791397543636
-13 -7 0.00025443477337968104
-13 -6 0.0002645479847346852
-13 -5 0.0002601581623531325
-13 -4 0.0002694218327624711
-13 -3 0.000264463947815619
-13 -2 0.00027203324316712893
-13 -1 0.00026702825794231626
-13 0 0.000272490355452823
-13 1 0.0002677464654528072
-13 2 0.0002706728585364661
-13 3 0.00026659712341810417
-13 4 0.00026680347140646137
-13 5 0.00026330815191451056
-13 6 0.0002614134059189238
-13 7 0.0002572742408048674
-13 8 0.00025454128160867014
-13 9 0.00024821181941759576
-13 10 0.00024465855203377614
-13 11 0.000237336575859478
-13 12 0.0002290846880198495
-13 13 0.0002276748270663689
-13 14 0.00020993242515896337
-13 15 0.00021903818314120369
-13 16 0.0001957919259134594
-13 17 0.00020417359017717068
-13 18 0.0001686490601762366
-13 19 0.0002764529583217671
-13 20 9.90219116473409e-05
-13 21 0.0003790730377977417
-13 22 2.4421026507359827e-05
-12 -23 0.004985438783992373
-12 -22 0.0003101738558901864
-12 -21 7.475566539553556e-05
-12 -20 0.00039765683053362124
-12 -19 0.00014615455779602704
-12 -18 0.00022041119014991648
-12 -17 0.00019079425285116938
-12 -16 0.00021071809060380623
-12 -15 0.00021018079937866428
-12 -14 0.00022806062946308477
-12 -13 0.0002270375310219081
-12 -12 0.00024096800971860652
-12 -11 0.00024372714444689266
-12 -10 0.0002510161298381421
-12 -9 0.00025700532807007115
-12 -8 0.00025899014922822164
-12 -7 0.00026655155814687395
-12 -6 0.00026537847572683773
-12 -5 0.00027302040030507697
-12 -4 0.0002702536364254566
-12 -3 0.00027708527694599353
-12 -2 0.0002734370041346222
-12 -1 0.00027897169734876547
-12 0 0.0002747813663554005
-12 1 0.00027858819774927184
-12 2 0.0002742471890203944
-12 3 0.0002759664235284472
-12 4 0.0002717479386446934
-12 5 0.00027143103244388594
-12 6 0.00026700744375724806
-12 7 0.0002652519835805014
-12 8 0.000259710189651274
-12 9 0.0002569130118976041
-12 10 0.00025015912956073553
-12 11 0.0002446184699004442
-12 12 0.00023968364890813963
-12 13 0.00022657262784470559
-12 14 0.0002291511680417877
-12 15 0.0002056589663144723
-12 16 0.00021532318323745143
-12 17 0.0001832619154628094
-12 18 0.00022509318725291396
-12 19 0.00014097895342731994
-12 20 0.00039828279447434066
-12 21 7.475765126880809e-05
-12 22 0.0003085452995460208
-12 23 0.004994396524953602
-11 -23 0.00013134979813257864
-11 -22 5.5013234957001585e-05
-11 -21 0.00039883045783176575
-11 -20 0.00011997104726599837
-11 -19 0.0002665473449529914
-11 -18 0.00017293511364710855
-11 -17 0.00021269135554504137
-11 -16 0.00020418808241087798
-11 -15 0.0002268549432108515
-11 -14 0.00022483290395152865
-11 -13 0.0002413607129523884
-11 -12 0.0002423522171587481
-11 -11 0.0002529365544433563
-11 -10 0.0002566386060756545
-11 -9 0.00026213046584917414
-11 -8 0.00026761617972354294
-11 -7 0.0002694621551528111
-11 -6 0.00027564029378161737
-11 -5 0.00027512399601527774
-11 -4 0.0002811700834951037
-11 -3 0.00027907261930514916
-11 -2 0.0002844501829027238
-11 -1 0.00028117993201034466
-11 0 0.00028544427987595215
-11 1 0.0002813746199756661
-11 2 0.00028409968709363443
-11 3 0.00027961399666805056
-11 4 0.0002805703862464162
-11 5 0.00027579203913033625
-11 6 0.00027512650920999003
-11 7 0.0002697356254765895
-11 8 0.0002677373683952857
-11 9 0.0002614474033989124
-11 10 0.0002575893381688605
-11 11 0.0002515374120813367
-11 12 0.0002431020944795781
-11 13 0.0002407865052223482
-11 14 0.00022344834175393535
-11 15 0.0002283686864700289
-11 16 0.00020050124214983364
-11 17 0.00021430591779565293
-11 18 0.0001706491847770426
-11 19 0.0002640049972428199
-11 20 0.00012276185046813622
-11 21 0.00039247718041619556
-11 22 5.966456207225846e-05
-11 23 0.0001280952127725807
-10 -23 3.7458013927143346e-05
-10 -22 0.0002629080893981128
-10 -21 0.00010283846169071537
-10 -20 0.00028330768227199574
-10 -19 0.00015606248296165051
-10 -18 0.00022295361956725608
-10 -17 0.00019477673457216416
-10 -16 0.00022768551234717634
-10 -15 0.0002205891108261135
-10 -14 0.00024095931300046524
-10 -13 0.00023992442983096181
-10 -12 0.00025351285667629767
-10 -11 0.0002553632568618971
-10 -10 0.000263859026407167
-10 -9 0.000267663427788518
-10 -8 0.00027225886756917855
-10 -7 0.00027716831163877615
-10 -6 0.00027887355495225284
-10 -5 0.0002841619684233194
-10 -4 0.00028372392605889926
-10 -3 0.000288838582657767
-10 -2 0.0002867179319795305
-10 -1 0.00029119392274136593
-10 0 0.0002877647886018026
-10 1 0.0002911506393922316
-10 2 0.00028681380370331773
-10 3 0.0002887506293474402
-10 4 0.00028381700759008455
-10 5 0.00028418975920208343
-10 6 0.0002787054339014164
-10 7 0.00027761597770991145
-10 8 0.00027145957246496746
-10 9 0.0002687832163978181
-10 10 0.00026232030445983004
-10 11 0.0002568651404925307
-10 12 0.00025185225718617866
-10 13 0.0002408215490715081
-10 14 0.00023997541265734
-10 15 0.00022055104806989158
-10 16 0.00022620780245735634
-10 17 0.00019624466475189143
-10 18 0.00021709882773232573
-10 19 0.00016270245393213703
-10 20 0.0002716197272288389
-10 21 0.00011308405028606586
-10 22 0.0002521338343388359
-10 23 4.274662980287759e-05
-9 -24 0.006087212511325248
-9 -23 0.00012058360607593508
-9 -22 9.256994577473305e-05
-9 -21 0.00024689360617270815
-9 -20 0.00014506254980439632
-9 -19 0.0002334046344406444
-9 -18 0.0001844902945571721
-9 -17 0.0002311757188167247
-9 -16 0.00021419104044448492
-9 -15 0.00024050717962234154
-9 -14 0.0002360729237829801
-9 -13 0.0002530272793125054
-9 -12 0.0002530262750486159
-9 -11 0.00026425184202871315
-9 -10 0.0002666540533617114
-9 -9 0.0002737177972090767
-9 -8 0.0002775601761580795
-9 -7 0.00028138914243814705
-9 -6 0.000285982916218792
-9 -5 0.00028725236050501017
-9 -4 0.0002920570595296263
-9 -3 0.00029123595691148645
-9 -2 0.00029577822711044765
-9 -1 0.0002932430343819806
-9 0 0.0002970611177148283
-9 1 0.0002932032064499393
-9 2 0.00029588060195639797
-9 3 0.0002910732940270213
-9 4 0.0002923501031884347
-9 5 0.000286824165403657
-9 6 0.0002866480324654083
-9 7 0.0002804616451168164
-9 8 0.00027880381684834915
-9 9 0.00027210926354775933
-9 10 0.00026849032711767775
-9 11 0.00026209620939347003
-9 12 0.00025511631285325876
-9 13 0.00025063699143473665
-9 14 0.00023834324685509373
-9 15 0.0002370603413396418
-9 16 0.00021840618143530508
-9 17 0.00022339278775429928
-9 18 0.00019406675896904685
-9 19 0.00021837031011152547
-9 20 0.00016006978934330701
-9 21 0.00022890061911765927
-9 22 0.00010535596752651181
-9 23 0.00011144847250915219
-9 24 0.006100293546922799
-8 -24 4.7542760981800936e-05
-8 -23 8.614413361126385e-05
-8 -22 0.00018497509717306312
-8 -21 0.00014439052930350315
-8 -20 0.00023067275818597818
-8 -19 0.0001779997240359642
-8 -18 0.00023433076922054407
-8 -17 0.00020687868515018894
-8 -16 0.00024022826937404105
-8 -15 0.00023076276355107114
-8 -14 0.00025172240064181086
-8 -13 0.00024951081828131737
-8 -12 0.0002633963682026801
-8 -11 0.00026456716605635037
-8 -10 0.0002738247243642135
-8 -9 0.00027682471986418655
-8 -8 0.00028260323420178826
-8 -7 0.0002866162236950058
-8 -6 0.0002895673616495313
-8 -5 0.0002940626903559478
-8 -4 0.0002946250184654072
-8 -3 0.0002991486952905096
-8 -2 0.00029767949284593124
-8 -1 0.0003017781144529485
-8 0 0.000298645970617977
-8 1 0.0003018819487234502
-8 2 0.0002974682978302996
-8 3 0.0002995024286545749
-8 4 0.0002941195374837845
-8 5 0.0002947861793198545
-8 6 0.000288612033405125
-8 7 0.0002878679007313465
-8 8 0.0002810333370126476
-8 9 0.00027870226063787633
-8 10 0.00027159413007284426
-8 11 0.00026702591554221035
-8 12 0.00026054772704814264
-8 13 0.00025267558235489104
-8 14 0.0002476420527889468
-8 15 0.00023599217138865384
-8 16 0.0002323542574989735
-8 17 0.00021722039307512473
-8 18 0.00021915265163822287
-8 19 0.0001948596907199871
-8 20 0.00020939333172142848
-8 21 0.00016236780360205947
-8 22 0.00016715772541517777
-8 23 9.565254309691543e-05
-8 24 4.2823204819393345e-05
-7 -25 0.0031565452366643875
-7 -24 6.756090716261853e-05
-7 -23 0.0001244466648921848
-7 -22 0.00015309889598213327
-7 -21 0.00020773120564350554
-7 -20 0.0001817102988536771
-7 -19 0.0002314736245305798
-7 -18 0.00020209806869930664
-7 -17 0.00023922282151429147
-7 -16 0.00022478287417506058
-7 -15 0.00024969643716303786
-7 -14 0.00024489292612455815
-7 -13 0.00026138492535127193
-7 -12 0.00026141138342692137
-7 -11 0.00027258405204498077
-7 -10 0.0002749966646587102
-7 -9 0.0002824682541712681
-7 -8 0.0002860904636111452
-7 -7 0.00029060160129192037
-7 -6 0.0002948568125994359
-7 -5 0.00029680655270236775
-7 -4 0.00030128407836969054
-7 -3 0.00030097903339178385
-7 -2 0.000305264394573622
-7 -1 0.000303029901073347
-7 0 0.00030669387785006144
-7 1 0.0003028905603261867
-7 2 0.00030555535502885175
-7 3 0.0003005226443590258
-7 4 0.0003019420016525063
-7 5 0.00029592793218663645
-7 6 0.0002960037735436064
-7 7 0.0002891690128376951
-7 8 0.0002878308718794083
-7 9 0.0002803967258200619
-7 10 0.00027736826627136076
-7 11 0.0002698372095014747
-7 12 0.00026455896244293744
-7 13 0.000257567892344242
-7 14 0.0002497774404227689
-7 15 0.0002430479208859549
-7 16 0.00023387519041063735
-7 17 0.00022650795630395316
-7 18 0.00021753827083229477
-7 19 0.0002116931791814501
-7 20 0.00020043514414547017
-7 21 0.00018710298061190903
-7 22 0.00016658024265678965
-7 23 0.00011290536031421635
-7 24 7.114149202186311e-05
-7 25 0.0031625301734652406
-6 -25 0.005914184551953103
-6 -24 6.830347667658744e-05
-6 -23 0.00015565367454999822
-6 -22 0.00016977036622659795
-6 -21 0.00019761152473745964
-6 -20 0.00021849185881667394
-6 -19 0.00020500565105011106
-6 -18 0.0002355390148549825
-6 -17 0.00022021471985050688
-6 -16 0.00024674692398013557
-6 -15 0.00023967514301838352
-6 -14 0.0002583092733768677
-6 -13 0.0002572920585620453
-6 -12 0.00027003495375522806
-6 -11 0.00027212822887090363
-6 -10 0.0002809586299624401
-6 -9 0.00028445507199311766
-6 -8 0.00029030168675789396
-6 -7 0.000294472730465445
-6 -6 0.00029771803347648383
-6 -5 0.0003021932269289115
-6 -4 0.00030306916772345513
-6 -3 0.0003075053684036956
-6 -2 0.0003062667387244905
-6 -1 0.00031027635585758733
-6 0 0.0003072378170508479
-6 1 0.00031043795756408477
-6 2 0.00030593269204348716
-6 3 0.00030802538838292485
-6 4 0.00030233747793162815
-6 5 0.0003031601777818456
-6 6 0.0002964896542997499
-6 7 0.00029597855947724434
-6 8 0.0002884975322495093
-6 9 0.00028654398419374115
-6 10 0.0002785475271404989
-6 11 0.0002748724807426887
-6 12 0.00026683635260727715
-6 13 0.0002612370428633832
-6 14 0.0002533191432322212
-6 15 0.00024653602979401936
-6 16 0.00023758337774284162
-6 17 0.00023217415474633657
-6 18 0.00022031891136016268
-6 19 0.00022086725525821726
-6 20 0.00020037251623241094
-6 21 0.00021048059932669697
-6 22 0.0001568947160212071
-6 23 0.00015995549465929547
-6 24 6.486439131993257e-05
-6 25 0.0059274391427055146
-5 -25 3.110334173013819e-05
-5 -24 0.00013578694196928354
-5 -23 0.00012780980668322474
-5 -22 0.00021444447533269497
-5 -21 0.00019592855648660094
-5 -20 0.0002178810860741417
-5 -19 0.00022723262545667444
-5 -18 0.00022003126719804563
-5 -17 0.00024229597017065945
-5 -16 0.00023495185515199176
-5 -15 0.0002542132025975409
-5 -14 0.0002525136350729591
-5 -13 0.0002662692090708419
-5 -12 0.0002683131376715094
-5 -11 0.00027809177404191656
-5 -10 0.0002817667176311587
-5 -9 0.00028863646468904104
-5 -8 0.0002929572756049445
-5 -7 0.00029731040498297127
-5 -6 0.0003019062643451417
-5 -5 0.00030389256229555083
-5 -4 0.00030850843126244793
-5 -3 0.0003082876757835737
-5 -2 0.00031261088090922366
-5 -1 0.00031042575209320263
-5 0 0.0003141017121460059
-5 1 0.00031025167460549494
-5 2 0.0003129601258659056
-5 3 0.00030773840168865413
-5 4 0.0003092606645859054
-5 5 0.0003029014813318105
-5 6 0.000303134257706888
-5 7 0.00029581429895347687
-5 8 0.00029469878115237464
-5 9 0.00028662148685270093
-5 10 0.0002840261506272656
-5 11 0.00027553105521692676
-5 12 0.00027129463619263145
-5 13 0.000262742895830577
-5 14 0.0002571706104259419
-5 15 0.00024832796663852206
-5 16 0.0002429927765084589
-5 17 0.00023231383586386233
-5 18 0.00023143690572835068
-5 19 0.00021431369699753902
-5 20 0.00022758184667888746
-5 21 0.00018597036105819025
-5 22 0.00021620398066324016
-5 23 0.00012532131357179013
-5 24 0.00013221991364908826
-5 25 3.218857115932413e-05
-4 -25 8.388882801191958e-05
-4 -24 8.827705209353892e-05
-4 -23 0.00020913544774854543
-4 -22 0.00016742532581059385
-4 -21 0.00023296753575821334
-4 -20 0.00021354200062649863
-4 -19 0.00022549891857049254
-4 -18 0.00023557093048121258
-4 -17 0.0002321175518741363
-4 -16 0.00024902465206145163
-4 -15 0.0002476301487352913
-4 -14 0.0002614163166616467
-4 -13 0.0002637332229237055
-4 -12 0.00027394750212984234
-4 -11 0.00027809616252666306
-4 -10 0.00028561516940836095
-4 -9 0.0002903585960974515
-4 -8 0.0002955564882317379
-4 -7 0.00030046192559023165
-4 -6 0.0003034071485087323
-4 -5 0.00030829639727108853
-4 -4 0.00030904035491717346
-4 -3 0.00031369767273655346
-4 -2 0.0003123888547064753
-4 -1 0.00031651937544308864
-4 0 0.0003133980266388096
-4 1 0.00031668977941945345
-4 2 0.0003120327943101238
-4 3 0.0003142306591644491
-4 4 0.0003082925301058028
-4 5 0.0003092405849615014
-4 6 0.0003022238381918677
-4 7 0.0003018476224976405
-4 8 0.00029393331078638574
-4 9 0.0002921600855410725
-4 10 0.000283600290629867
-4 11 0.0002803115652568808
-4 12 0.0002714800168200828
-4 13 0.00026672307460542363
-4 14 0.00025791097988329454
-4 15 0.00025241649785141904
-4 16 0.00024335473110184303
-4 17 0.00023919539417260335
-4 18 0.00022790374829159243
-4 19 0.00023169372255064116
-4 20 0.00020774309641439056
-4 21 0.00023203330434228014
-4 22 0.00016797525987875318
-4 23 0.00020092823793241844
-4 24 9.254475056044199e-05
-4 25 7.878828166912999e-05
-3 -25 4.789371532818604e-05
-3 -24 0.00016372792181312633
-3 -23 0.00013577601764709342
-3 -22 0.0002321441679247836
-3 -21 0.00019518099045140902
-3 -20 0.00023220237398039544
-3 -19 0.00022605148006550724
-3 -18 0.00023165231879650964
-3 -17 0.000242564611306959
-3 -16 0.00024328007194496026
-3 -15 0.00025559385060860393
-3 -14 0.0002586854792140546
-3 -13 0.00026866156829606804
-3 -12 0.00027355375979175165
-3 -11 0.0002813012597442181
-3 -10 0.00028672789784162746
-3 -9 0.00029246399031898526
-3 -8 0.0002978987884080925
-3 -7 0.0003015926117773121
-3 -6 0.00030689921948156375
-3 -5 0.0003084898269015741
-3 -4 0.0003135505154710919
-3 -3 0.00031307980679407015
-3 -2 0.0003176816554114417
-3 -1 0.00031530996218223444
-3 0 0.0003191779952023486
-3 1 0.00031514133698210174
-3 2 0.0003180094902511759
-3 3 0.00031256248610627373
-3 4 0.0003142299331764661
-3 5 0.00030760152312936834
-3 6 0.00030794915091300417
-3 7 0.00030033564730510995
-3 8 0.0002992885585020544
-3 9 0.00029090596788727873
-3 10 0.00028837126351877705
-3 11 0.000279546371122579
-3 12 0.00027545677441848104
-3 13 0.0002666381074191789
-3 14 0.0002612423141742845
-3 15 0.0002528308531163523
-3 16 0.00024697820155477186
-3 17 0.000238908116692171
-3 18 0.00023499362042707762
-3 19 0.0002236196058419134
-3 20 0.00023017669430885183
-3 21 0.00019785668201868122
-3 22 0.00022177263065462262
-3 23 0.00014310667859134113
-3 24 0.00015253729985596168
-3 25 5.2142881205784086e-05
-2 -25 8.455776669231636e-05
-2 -24 0.00010043744511781709
-2 -23 0.00019988904188667186
-2 -22 0.00017374070208575908
-2 -21 0.00022959820133447464
-2 -20 0.00021410520600684128
-2 -19 0.00023141041309132832
-2 -18 0.00023475179378470968
-2 -17 0.0002396750083284279
-2 -16 0.00024887721187522515
-2 -15 0.0002535198783817116
-2 -14 0.0002623854634682273
-2 -13 0.0002683163102384373
-2 -12 0.0002758050426772419
-2 -11 0.00028213712302376155
-2 -10 0.0002880830060596085
-2 -9 0.00029425633965803245
-2 -8 0.00029845859263395464
-2 -7 0.00030434852311401637
-2 -6 0.000306622874777311
-2 -5 0.0003121914403647005
-2 -4 0.00031247031468755387
-2 -3 0.00031759317493737065
-2 -2 0.00031594548917190745
-2 -1 0.00032040610740517153
-2 0 0.0003170065574425175
-2 1 0.0003205537893852693
-2 2 0.00031563422552755515
-2 3 0.0003180415114910724
-2 4 0.00031184412166815404
-2 5 0.00031294445796266226
-2 6 0.0003056937587175181
-2 7 0.00030537554761780243
-2 8 0.00029729180216353924
-2 9 0.00029545611579160237
-2 10 0.00028682703865921854
-2 11 0.00028336270306291263
-2 12 0.00027463656866449893
-2 13 0.0002695381453473565
-2 14 0.0002613305028756011
-2 15 0.00025492146872963195
-2 16 0.00024787475939388884
-2 17 0.00024080213076941985
-2 18 0.00023461741819448534
-2 19 0.00022938987981157145
-2 20 0.00021723700252589598
-2 21 0.0002206368859823338
-2 22 0.0001812299124655423
-2 23 0.00018658665736536356
-2 24 0.0001076770165502704
-2 25 7.785551549102822e-05
-1 -25 5.716851814561963e-05
-1 -24 0.00013833607334108873
-1 -23 0.00014987654393574298
-1 -22 0.00020766372562898197
-1 -21 0.0002015536800633548
-1 -20 0.00022631633203203477
-1 -19 0.00022619736670918323
-1 -18 0.00023592930924481057
-1 -17 0.00024139605706938354
-1 -16 0.0002484417780056525
-1 -15 0.0002552431595194377
-1 -14 0.0002626245880266967
-1 -13 0.000269247407914686
-1 -12 0.00027670658923771617
-1 -11 0.0002824963101666573
-1 -10 0.0002895890786635281
-1 -9 0.00029404753101432824
-1 -8 0.0003006791547175309
-1 -7 0.0003034526781033985
-1 -6 0.00030964774827860447
-1 -5 0.00031055359899434716
-1 -4 0.00031626912382113086
-1 -3 0.0003152825244555319
-1 -2 0.0003203703254292911
-1 -1 0.00031759213957672713
-1 0 0.00032183697984320585
-1 1 0.00031745518266208144
-1 2 0.0003206277837513626
-1 3 0.00031487718881997525
-1 4 0.0003167754088391423
-1 5 0.0003099028936600801
-1 6 0.00031036808272981377
-1 7 0.0003026194140699289
-1 8 0.0003015195038187561
-1 9 0.0002931735932872648
-1 10 0.00029036792321933906
-1 11 0.0002818320949538964
-1 12 0.0002771883180538381
-1 13 0.00026910122117443787
-1 14 0.00026264319754886096
-1 15 0.00025584721421686605
-1 16 0.00024782646465810603
-1 17 0.00024297371120409397
-1 18 0.00023367383354927994
-1 19 0.00022937684449915091
-1 20 0.00022010431739396023
-1 21 0.0002069671125631254
-1 22 0.0001970401417912632
-1 23 0.0001560550538624566
-1 24 0.00012907820470871423
-1 25 6.004606619704209e-05
0 -25 6.57617776429711e-05
0 -24 0.0001194427140843306
0 -23 0.00016517231013209952
0 -22 0.00019032430986361148
0 -21 0.00021085934294458412
0 -20 0.00021913054652018655
0 -19 0.0002298238095749438
0 -18 0.0002337953766384924
0 -17 0.0002432312327076672
0 -16 0.0002473628794862963
0 -15 0.00025672462229527434
0 -14 0.00026171252935488403
0 -13 0.0002706283009074828
0 -12 0.0002757862881657996
0 -11 0.00028399219382392924
0 -10 0.0002884241130853604
0 -9 0.00029594075542526473
0 -8 0.0002990190606145951
0 -7 0.00030595408029403205
0 -6 0.00030734681505321747
0 -5 0.0003137339809037824
0 -4 0.0003133199366087175
0 -3 0.0003190798315411623
0 -2 0.0003168819363682823
0 -1 0.00032184793943212324
0 0 0.0003179950811172126
0 1 0.0003219561406586505
0 2 0.0003166537127083876
0 3 0.00031939268948208774
0 4 0.00031289221241176195
0 5 0.0003142108774839812
0 6 0.00030678488874179684
0 7 0.00030650674598484823
0 8 0.00029845042880529576
0 9 0.00029639830271175477
0 10 0.0002880902121373399
0 11 0.00028406401724802283
0 12 0.0002760935799234541
0 13 0.0002699201352995873
0 14 0.0002631761047694043
0 15 0.0002548705030964358
0 16 0.0002502946192451008
0 17 0.00023999691564163247
0 18 0.00023782334763457137
0 19 0.00022490633418637197
0 20 0.00022313073485610325
0 21 0.0002041231504933551
0 22 0.00019317800486410138
0 23 0.0001583283567283941
0 24 0.00012079268225088989
0 25 6.272166788545176e-05
1 -25 7.182766055532913e-05
1 -24 0.00011014560424354452
1 -23 0.00017660692633265823
1 -22 0.0001825433303677139
1 -21 0.00021648514083959578
1 -20 0.0002184468718192822
1 -19 0.00022812021030722083
1 -18 0.00023702715841855625
1 -17 0.00023916065404480213
1 -16 0.00025074274596320465
1 -15 0.0002532394453767392
1 -14 0.00026416513417929855
1 -13 0.0002679891447154286
1 -12 0.0002776308323688329
1 -11 0.00028164673614880216
1 -10 0.0002902192054820108
1 -9 0.00029337881241858825
1 -8 0.00030116171268605577
1 -7 0.0003028903111487164
1 -6 0.0003100238846982737
1 -5 0.00031007867599064235
1 -4 0.00031655665985236357
1 -3 0.00031487983625440205
1 -2 0.0003205903604396392
1 -1 0.00031724359575699716
1 0 0.0003220092374257797
1 1 0.0003171498327093417
1 2 0.00032075935989701583
1 3 0.00031462090046254073
1 4 0.00031685385293224515
1 5 0.00030972178178928896
1 6 0.00031036184451354085
1 7 0.00030255589261145294
1 8 0.0003013848004094974
1 9 0.0002932793904407525
1 10 0.00029005177071341707
1 11 0.00028217544412009483
1 12 0.00027660457796403206
1 13 0.0002698007138871181
1 14 0.000261642088564617
1 15 0.00025703519149269753
1 16 0.0002463019117418944
1 17 0.000244735654048061
1 18 0.00023119982894938694
1 19 0.0002332255574916467
1 20 0.0002128677980241223
1 21 0.00021799466819454803
1 22 0.00017878788347667584
1 23 0.00017450121581575587
1 24 0.00010853164084205406
1 25 7.02121332255655e-05
2 -25 5.267439277150021e-05
2 -24 0.00014570390794875363
2 -23 0.0001428006460746384
2 -22 0.00021543171291278076
2 -21 0.00019931574254435655
2 -20 0.00022726640858428967
2 -19 0.00022833659161719208
2 -18 0.00023193724171904207
2 -17 0.0002444990940621103
2 -16 0.0002439484298938772
2 -15 0.00025759343619257997
2 -14 0.000259067750842566
2 -13 0.00027075582161291216
2 -12 0.00027372776814878116
2 -11 0.0002836617626494202
2 -10 0.0002865827275277685
2 -9 0.00029535474519581104
2 -8 0.00029723989520999026
2 -7 0.00030519382851723327
2 -6 0.00030560103664547866
2 -5 0.00031283815448365304
2 -4 0.0003116101803693063
2 -3 0.0003180834849791822
2 -2 0.00031520918833447085
2 -1 0.0003207855993086499
2 0 0.00031636100504776676
2 1 0.0003208528759084392
2 2 0.00031507181221277186
2 3 0.0003182568385650881
2 4 0.0003113957381410028
2 5 0.00031303264910498925
2 6 0.00030542751568077633
2 7 0.0003052620482727069
2 8 0.00029729877324631267
2 9 0.0002950505028867695
2 10 0.0002872142818373872
2 11 0.0002825430339857125
2 12 0.0002755747674247347
2 13 0.0002680637489572203
2 14 0.00026312268188868014
2 15 0.000252422862503086
2 16 0.0002508274219585033
2 17 0.00023683042864728278
2 18 0.0002399460724723359
2 19 0.00022042971346856527
2 20 0.00023168360264991776
2 21 0.0001947878556052338
2 22 0.00021309039444489724
2 23 0.000142588903095509
2 24 0.00014080196175465624
2 25 5.345336900341058e-05
3 -25 8.254038897163472e-05
3 -24 9.49272657864624e-05
3 -23 0.00019970763376383257
3 -22 0.0001709217489783665
3 -21 0.00022940357852887998
3 -20 0.00021533406556543039
3 -19 0.00022756460907809577
3 -18 0.00023736865985612873
3 -17 0.00023432366342297792
3 -16 0.0002510505738836759
3 -15 0.00024894757873058295
3 -14 0.000263667980837298
3 -13 0.0002646043908008927
3 -12 0.0002764892060323739
3 -11 0.0002786439702918572
3 -10 0.0002886670498636635
3 -9 0.0002904494307202766
3 -8 0.0002993286122287775
3 -7 0.0002999452945234866
3 -6 0.00030798226362492456
3 -5 0.00030711754224814014
3 -4 0.00031436449310096883
3 -3 0.00031191912253035155
3 -2 0.0003183010682748978
3 -1 0.00031429987756604553
3 0 0.00031966692814340233
3 1 0.00031424606440510913
3 2 0.0003183930123622139
3 3 0.00031179624900214587
3 4 0.00031447583630673576
3 5 0.00030703653223419883
3 6 0.00030797112177243397
3 7 0.0003000871518001112
3 8 0.00029897010186448144
3 9 0.00029110619907110494
3 10 0.00028757850184244214
3 11 0.000280364025268117
3 12 0.0002739550389785262
3 13 0.00026841513826388703
3 14 0.00025850919671983864
3 15 0.000256173444138181
3 16 0.00024221792496402196
3 17 0.00024492436882276507
3 18 0.0002259064991817515
3 19 0.00023756317175246884
3 20 0.0002056945631313316
3 21 0.00023251436181694242
3 22 0.00016744570955985538
3 23 0.0001954406128420646
3 24 9.599638350786295e-05
3 25 7.917696019745929e-05
4 -25 4.260950485050355e-05
4 -24 0.00014714936979643968
4 -23 0.00013198407210825578
4 -22 0.00022029037407517182
4 -21 0.00019602070739123083
4 -20 0.00022478122749849917
4 -19 0.0002284496393497011
4 -18 0.00022502958010693413
4 -17 0.0002444103382461432
4 -16 0.0002376095613255315
4 -15 0.0002565863106016211
4 -14 0.0002541445447457423
4 -13 0.0002689582676787529
4 -12 0.0002695144005617759
4 -11 0.0002812834528548388
4 -10 0.00028254652051922907
4 -9 0.000292551131070791
4 -8 0.0002931731673290316
4 -7 0.0003020738312489405
4 -6 0.00030146381763322504
4 -5 0.00030949205621357803
4 -4 0.0003074200160164427
4 -3 0.00031459099462534596
4 -2 0.00031099608804030293
4 -1 0.00031721351188330614
4 0 0.0003121599996360779
4 1 0.0003172518158743286
4 2 0.00031092962504405
4 3 0.00031466116160921217
4 4 0.00030737800982974127
4 5 0.00030946421347810544
4 6 0.0003016184021336906
4 7 0.0003017357222200252
4 8 0.00029378643728732287
4 9 0.0002915715044491969
4 10 0.0002840628092510639
4 11 0.00027906806948188633
4 12 0.0002728050533168084
4 13 0.00026437719397007806
4 14 0.00026073917088505194
4 15 0.00024795510652647883
4 16 0.0002489661200251301
4 17 0.00023085053302658983
4 18 0.0002397532860989631
4 19 0.00021271476704167103
4 20 0.00023657313975101308
4 21 0.0001845340370771283
4 22 0.00022314468827010792
4 23 0.00012842630483675592
4 24 0.0001441603785628715
4 25 4.299114815326817e-05
5 -25 5.45782199373026e-05
5 -24 7.982530548888744e-05
5 -23 0.00017746214417860515
5 -22 0.00016712514728456552
5 -21 0.0002138029995307537
5 -20 0.00021663284312103005
5 -19 0.0002150305282907629
5 -18 0.00023756458730450752
5 -17 0.00022498518262052366
5 -16 0.00024955359217675686
5 -15 0.0002421771580552707
5 -14 0.00026123448423057615
5 -13 0.00025908814070688265
5 -12 0.00027339248384576474
5 -11 0.00027351351121800453
5 -10 0.0002850125245197475
5 -9 0.000285330581964454
5 -8 0.0002952255416682136
5 -7 0.0002947198352365527
5 -6 0.0003035486603780609
5 -5 0.0003017774107226306
5 -4 0.0003097121026342056
5 -3 0.0003064977819131849
5 -2 0.0003135248020231009
5 -1 0.0003088449575662496
5 0 0.000314841518330008
5 1 0.00030881513941115356
5 2 0.0003135749757971155
5 3 0.0003064621592129991
5 4 0.00030970864947503664
5 5 0.00030189017798075044
5 6 0.00030329233420875446
5 7 0.00029522586607326094
5 8 0.0002944167696884455
5 9 0.00028659962024750105
5 10 0.00028317515214663653
5 11 0.00027620680337138925
5 12 0.00026963334524302766
5 13 0.00026450673117480735
5 14 0.0002538821668366436
5 15 0.00025235937667336536
5 16 0.00023646320639252044
5 17 0.0002411057160119334
5 18 0.00021855717046798435
5 19 0.0002337971359896975
5 20 0.0001967022065634775
5 21 0.00022726858951787975
5 22 0.0001541559156894789
5 23 0.00018119458075348553
5 24 7.629270977778343e-05
5 25 5.3765235482599794e-05
6 -25 0.00593611369458664
6 -24 8.916737772885325e-05
6 -23 0.00012214347053208558
6 -22 0.00017885681051509398
6 -21 0.00019874189615063146
6 -20 0.00019888986638953767
6 -19 0.00023062907716502908
6 -18 0.00021021107754485178
6 -17 0.00024279533294544955
6 -16 0.00022845158119286392
6 -15 0.0002532902130121653
6 -14 0.00024723027123095185
6 -13 0.0002650579138950566
6 -12 0.00026329079657797373
6 -11 0.0002768372452561895
6 -10 0.0002764288667688416
6 -9 0.00028756037971097427
6 -8 0.0002869492810625945
6 -7 0.0002966360146088711
6 -6 0.0002950712625034973
6 -5 0.00030374132919599843
6 -4 0.0003008738278747515
6 -3 0.0003086532507106403
6 -2 0.0003043500300731913
6 -1 0.00031119065431498927
6 0 0.0003054850904284711
6 1 0.0003112229878205285
6 2 0.00030430988932221407
6 3 0.00030868996015058074
6 4 0.00030091358763334686
6 5 0.0003036067309750949
6 6 0.00029541852839637926
6 7 0.00029604891927695093
6 8 0.0002879344980810563
6 9 0.000286119704290805
6 10 0.0002785489620565275
6 11 0.0002739015486493047
6 12 0.000267453784795657
6 13 0.00025938685821338806
6 14 0.00025518314323350164
6 15 0.00024263141406225298
6 16 0.00024256240686886565
6 17 0.00022481231538940862
6 18 0.00023082003380433126
6 19 0.0002066048313020676
6 20 0.00022056299770866847
6 21 0.0001763234639126526
6 22 0.00019281520230558547
6 23 0.00011009655545820696
6 24 9.268340759645724e-05
6 25 0.005948498303775389
7 -25 0.003175454091037484
7 -24 5.8501688466850865e-05
7 -23 0.00011490083988519128
7 -22 0.00016770529710252415
7 -21 0.00016813759237967513
7 -20 0.0002215142426680055
7 -19 0.00019059975950688475
7 -18 0.00023707446776064417
7 -17 0.00021240053249313234
7 -16 0.00024519320914988436
7 -15 0.00023380673112707469
7 -14 0.0002560879570129765
7 -13 0.00025181567732064327
7 -12 0.00026799839885096005
7 -11 0.00026644044105928095
7 -10 0.0002791553912920892
7 -9 0.0002781861447458102
7 -8 0.0002888538999734724
7 -7 0.0002873824312129377
7 -6 0.00029676712371706727
7 -5 0.00029421348809797456
7 -4 0.00030266703248717827
7 -3 0.0002987472735507295
7 -2 0.0003063461831180647
7 -1 0.0003009892408783742
7 0 0.00030763113133284265
7 1 0.0003009537745490416
7 2 0.00030641417106576157
7 3 0.0002987087392259098
7 4 0.00030266807578085205
7 5 0.00029437011961383724
7 6 0.00029643910190385017
7 7 0.0002880468267545056
7 8 0.0002878252755012542
7 9 0.0002797730151989799
7 10 0.00027694587921580174
7 11 0.0002695306271837151
7 12 0.00026386681677869944
7 13 0.0002574721870465888
7 14 0.00024850084696336936
7 15 0.00024409218948054942
7 16 0.00023141053277919862
7 17 0.00022969655608060666
7 18 0.00021509774953200507
7 19 0.00021389133422240243
7 20 0.00019497596566357128
7 21 0.00018987457454651408
7 22 0.00014691214317947163
7 23 0.0001261752397757667
7 24 5.1696645255541816e-05
7 25 0.003182645723098517
8 -24 3.822507003641736e-05
8 -23 0.00011255514099124767
8 -22 0.000118639500740834
8 -21 0.0002095605524413669
8 -20 0.00016205149736742006
8 -19 0.00023131941885931096
8 -18 0.00019276998930417046
8 -17 0.00023748096885141444
8 -16 0.00021869960981230123
8 -15 0.00024617474606915865
8 -14 0.00023913893142145316
8 -13 0.00025817540841008676
8 -12 0.0002553408640128791
8 -11 0.00026993097439701656
8 -10 0.0002684155835355986
8 -9 0.0002802494417387568
8 -8 0.00027876518454918327
8 -7 0.0002888678171338377
8 -6 0.0002866163643269323
8 -5 0.00029563774893086553
8 -4 0.0002921362764423033
8 -3 0.00030036523151659656
8 -2 0.0002954034973730831
8 -1 0.00030284162073965985
8 0 0.0002964449103790056
8 1 0.00030290787169200725
8 2 0.0002953078112258335
8 3 0.0003004882964217176
8 4 0.0002920948809657397
8 5 0.00029558894515150595
8 6 0.0002869243905087686
8 7 0.0002882797584844997
8 8 0.0002798256481509632
8 9 0.0002786855368835298
8 10 0.00027065536794588965
8 11 0.00026697518686705994
8 12 0.00025921163145629044
8 13 0.00025322019794629875
8 14 0.00024559540105914974
8 15 0.0002375215954084307
8 16 0.00022996775796659533
8 17 0.00022204162913156078
8 18 0.00021101592169575157
8 19 0.00020810563075840602
8 20 0.00018457253154501057
8 21 0.00018519440406950335
8 22 0.00013606557191917263
8 23 9.901388471544447e-05
8 24 4.265888319280939e-05
9 -24 0.006141813876019178
9 -23 5.4085716789811975e-05
9 -22 0.0001900129585090425
9 -21 0.00012189457641824058
9 -20 0.0002394269607361274
9 -19 0.00016742871275762824
9 -18 0.0002294302722042886
9 -17 0.0002016688931626256
9 -16 0.00023519574582736281
9 -15 0.00022569177698679048
9 -14 0.000246796570912535
9 -13 0.00024331528797747902
9 -12 0.0002595314949348214
9 -11 0.0002576058568818902
9 -10 0.0002707292330021799
9 -9 0.00026920975640328394
9 -8 0.00028007129754402816
9 -7 0.00027816183984868384
9 -6 0.0002876195152268627
9 -5 0.00028463945652167175
9 -4 0.0002932986822332852
9 -3 0.0002888400970058083
9 -2 0.00029690048748127736
9 -1 0.000290865513993961
9 0 0.0002982120836979072
9 1 0.00029076558328512426
9 2 0.00029710079265189666
9 3 0.0002886231518203138
9 4 0.00029352617456949266
9 5 0.00028456464964236893
9 6 0.0002875147114570443
9 7 0.0002786532559608192
9 8 0.0002791526315385382
9 9 0.0002707149291044467
9 10 0.00026864456810988114
9 11 0.0002602916200382338
9 12 0.0002563219374925211
9 13 0.00024702819274942427
9 14 0.00024234434341763756
9 15 0.00023104315767827075
9 16 0.00022755476884020004
9 17 0.00021128263953745923
9 18 0.0002151256345847351
9 19 0.00018331813211672427
9 20 0.00021911498150730763
9 21 0.00013952657303782076
9 22 0.0001731728032059536
9 23 6.270735443485006e-05
9 24 0.006151095300139719
10 -23 0.00011903483883841713
10 -22 7.304916434284731e-05
10 -21 0.0002815519163729145
10 -20 0.0001339268331740457
10 -19 0.00024450546655472064
10 -18 0.0001815481222246923
10 -17 0.00022230774981588225
10 -16 0.0002123685262455113
10 -15 0.00023331030476687222
10 -14 0.0002313044927932772
10 -13 0.0002473818063225639
10 -12 0.0002459705533952638
10 -11 0.0002599856144750272
10 -10 0.0002586490080893789
10 -9 0.00027029431106138306
10 -8 0.00026885488901844134
10 -7 0.0002786206482561351
10 -6 0.00027637262538760904
10 -5 0.00028517011134276103
10 -4 0.0002814502037563173
10 -3 0.00028983603456662676
10 -2 0.00028434478594179847
10 -1 0.00029236526146353577
10 0 0.000285176292723214
10 1 0.00029255201641519
10 2 0.00028401799460610566
10 3 0.0002903005446575952
10 4 0.000280991558110767
10 5 0.00028559066142935184
10 6 0.0002762139071122802
10 7 0.00027844188066707105
10 8 0.0002695742807210846
10 9 0.00026899870809559746
10 10 0.00026050397435163375
10 11 0.0002577593289265494
10 12 0.00024821982093123775
10 13 0.0002453909694865512
10 14 0.00023263032398993048
10 15 0.00023196816448148313
10 16 0.00021349165966796818
10 17 0.0002186275258610656
10 18 0.00018647931024139196
10 19 0.00023444483386767003
10 20 0.00014458974094728634
10 21 0.0002678435150510703
10 22 8.310018155108337e-05
10 23 0.00011219043243705098
11 -23 2.365246762222019e-05
11 -22 0.00026187595082691385
11 -21 9.120196962108965e-05
11 -20 0.00032378508645913916
11 -19 0.00015482359720560482
11 -18 0.00022563086496936089
11 -17 0.0001990708213519751
11 -16 0.00021692511820972535
11 -15 0.00022137923327590202
11 -14 0.00023304028222459946
11 -13 0.00023471161590215612
11 -12 0.0002476348198676327
11 -11 0.00024721024712964166
11 -10 0.00025931365591468
11 -9 0.0002585986381110435
11 -8 0.0002685693147350315
11 -7 0.00026738086515334936
11 -6 0.00027595779747408873
11 -5 0.0002734004537204637
11 -4 0.00028163619909991476
11 -3 0.00027706923546122226
11 -2 0.0002853764196750249
11 -1 0.0002786935949391483
11 0 0.00028688006932852647
11 1 0.0002783966712271223
11 2 0.00028597258112078187
11 3 0.00027628337341364636
11 4 0.00028258730917211927
11 5 0.00027251272089014677
11 6 0.00027667573578438485
11 7 0.00026711065839476225
11 8 0.0002682514156236846
11 9 0.00025957815401836507
11 10 0.00025778063019363023
11 11 0.00024882457611050633
11 12 0.00024652803049015
11 13 0.0002343287518937106
11 14 0.00023514473359316398
11 15 0.0002167112365038706
11 16 0.00022203795054465112
11 17 0.00019285593146584068
11 18 0.00022819824154826122
11 19 0.00015362527165726413
11 20 0.0003195511552213477
11 21 9.596985106138142e-05
11 22 0.0002557658521379169
11 23 2.6614747554864094e-05
12 -23 0.0051159538226824225
12 -22 4.0290490269510985e-05
12 -21 0.000359395240056501
12 -20 0.00011594820935795107
12 -19 0.0002800382779853981
12 -18 0.00018105423818755328
12 -17 0.00020403086474534844
12 -16 0.0002147561722636349
12 -15 0.0002162595498031779
12 -14 0.0002266275516912615
12 -13 0.00023370162789181634
12 -12 0.00023597174765484707
12 -11 0.0002469682680460635
12 -10 0.000247377130893294
12 -9 0.0002573120862723374
12 -8 0.00025758332751010175
12 -7 0.0002655818789963377
12 -6 0.00026480896874320594
12 -5 0.0002722387745465494
12 -4 0.00026926788575492227
12 -3 0.00027720269596566796
12 -2 0.00027154506704619216
12 -1 0.00028008471591462207
12 0 0.0002719501982143568
12 1 0.00028058811453839544
12 2 0.0002705999318737205
12 3 0.00027858795056690574
12 4 0.00026765130706351187
12 5 0.0002739840441382277
12 6 0.00026328306088938675
12 7 0.0002666366568900974
12 8 0.00025725417107207366
12 9 0.0002567812816599118
12 10 0.00024840489507629604
12 11 0.0002459773626637883
12 12 0.00023557366588112174
12 13 0.00023643129637297277
12 14 0.0002197842142408816
12 15 0.0002262555683697076
12 16 0.00020046285146225877
12 17 0.00021768125786553625
12 18 0.00016696560159677946
12 19 0.0002883048640867196
12 20 0.00011051583101397779
12 21 0.0003595807109160607
12 22 4.1002170643251704e-05
12 23 0.005123634250256538
13 -22 0.00016759643638090624
13 -21 6.262201214582104e-05
13 -20 0.00031159750794815635
13 -19 0.00014710212457748112
13 -18 0.00020702065021815946
13 -17 0.00020600620381018342
13 -16 0.00019712071864774348
13 -15 0.00022390883417372422
13 -14 0.00021872218980888305
13 -13 0.00022760636610253394
13 -12 0.00023370040365770106
13 -11 0.00023584843400087965
13 -10 0.0002448061583898555
13 -9 0.00024687594912357224
13 -8 0.000253909449037582
13 -7 0.00025568286797318835
13 -6 0.00026153449918349283
13 -5 0.00026115615136481464
13 -4 0.0002677523618416732
13 -3 0.00026402220714775575
13 -2 0.00027211485980166395
13 -1 0.00026495089236448495
13 0 0.0002741499867814338
13 1 0.00026419266163573514
13 2 0.0002736495212116348
13 3 0.0002618644848044481
13 4 0.00027048249565804136
13 5 0.0002582206831585836
13 6 0.00026437004821901287
13 7 0.0002534013864866493
13 8 0.00025518825100693415
13 9 0.0002465497903974659
13 10 0.000244282105795886
13 11 0.00023585562477199118
13 12 0.00023533011775696248
13 13 0.00022167864309291077
13 14 0.00022921830906549653
13 15 0.00020637118707634574
13 16 0.0002174654505883673
13 17 0.00018159816327454616
13 18 0.00022722302054252732
13 19 0.0001294765053537177
13 20 0.0003210345089063425
13 21 5.775412078029041e-05
13 22 0.00016840495998442028
14 -21 0.00014960408313953525
14 -20 0.0004725847552457533
14 -19 0.00019259792159463614
14 -18 0.0001789499037725305
14 -17 0.00017386403420814985
14 -16 0.0002212119473992183
14 -15 0.00020187091339554127
14 -14 0.0002243168154225888
14 -13 0.00022053677282477365
14 -12 0.00022579308156906496
14 -11 0.0002315665533434989
14 -10 0.00023548649331356887
14 -9 0.00024086589006870775
14 -8 0.0002459784104199005
14 -7 0.0002493612658282637
14 -6 0.00025288492810877266
14 -5 0.0002569032636220667
14 -4 0.0002564298287724995
14 -3 0.00026290445490654185
14 -2 0.00025773132509423135
14 -1 0.00026663398600186713
14 0 0.00025738136923157917
14 1 0.000267779568395618
14 2 0.00025550502801237145
14 3 0.0002662362731949879
14 4 0.00025227648159582974
14 5 0.0002616206849886699
14 6 0.0002481594940363128
14 7 0.0002533818182292886
14 8 0.00024301353509102134
14 9 0.00024218672085331647
14 10 0.0002348272693870105
14 11 0.0002321676188042376
14 12 0.00022216590540462548
14 13 0.00022823302789490513
14 14 0.0002084884615558297
14 15 0.0002230926961384198
14 16 0.00019187051055606608
14 17 0.00020223118626874767
14 18 0.0001502449311786598
14 19 0.00021199962358004636
14 20 0.0004604806245953977
14 21 0.00015379733506926596
15 -21 0.0054243990282145235
15 -20 9.491029136653959e-05
15 -19 0.0008882323557078256
15 -18 0.00013457694465077063
15 -17 0.00020045333858045007
15 -16 0.00017763938938514018
15 -15 0.00022124652891250944
15 -14 0.00020663989088838506
15 -13 0.0002187582464908532
15 -12 0.00021847457225736044
15 -11 0.00022405486574707657
15 -10 0.00022666945421711477
15 -9 0.0002357461212935318
15 -8 0.00023549647438830172
15 -7 0.00024460010851242386
15 -6 0.00024446266894774055
15 -5 0.0002490442346324666
15 -4 0.00025241658063000533
15 -3 0.0002506220501476274
15 -2 0.00025809468192530133
15 -1 0.0002504886756798428
15 0 0.0002609972624429998
15 1 0.0002489471221575777
15 2 0.00026123448171704527
15 3 0.00024596498977853625
15 4 0.00025846515883491314
15 5 0.00024201686835280685
15 6 0.00025164530461557343
15 7 0.00023786961996113281
15 8 0.00024043922809808253
15 9 0.00023224954910948145
15 10 0.00022818380211287153
15 11 0.00022170255377569603
15 12 0.00022254683981942034
15 13 0.00020778559428897707
15 14 0.00022346587497678162
15 15 0.00019370903092955522
15 16 0.00020782722011957884
15 17 0.00016524813159145632
15 18 0.0001621598176939336
15 19 0.0008679216839265727
15 20 0.00010488596535218232
15 21 0.005431261165897039
16 -20 0.0008091660955022203
16 -19 7.221470773960921e-05
16 -18 0.00052757104832198
16 -17 0.00013650760443904473
16 -16 0.00020154785715794618
16 -15 0.000185202715283745
16 -14 0.00021130776362462094
16 -13 0.0002042181104508678
16 -12 0.00021474915638077918
16 -11 0.0002115161261800747
16 -10 0.00022473746964318526
16 -9 0.00021965174079053537
16 -8 0.0002364336586761358
16 -7 0.00022999921069260487
16 -6 0.00024216986829853263
16 -5 0.00024051779676208623
16 -4 0.00024389316550932138
16 -3 0.0002487557378777293
16 -2 0.00024373704993521937
16 -1 0.0002535447802907606
16 0 0.0002424203953439386
16 1 0.0002554823682808979
16 2 0.00023973089662075172
16 3 0.00025482585551206145
16 4 0.00023569028373436135
16 5 0.000250096449042968
16 6 0.0002316134062337164
16 7 0.00023960422412815048
16 8 0.00022795278882272506
16 9 0.00022498778637184617
16 10 0.00022055926429123403
16 11 0.00021415265667192995
16 12 0.00020835479237219334
16 13 0.00021427525700432629
16 14 0.00019094769754491588
16 15 0.0002103331435696954
16 16 0.00016728048211753801
16 17 0.00016710024142136868
16 18 0.000499696222792724
16 19 8.861164978798551e-05
16 20 0.0008030874031143832
17 -19 0.00043633801516785415
17 -18 7.465231145324143e-05
17 -17 0.0001461735926562891
17 -16 0.00024076343561826212
17 -15 0.00018912230486263347
17 -14 0.00018131865419886796
17 -13 0.00021057652489165274
17 -12 0.00019353041533509046
17 -11 0.00021863025053573822
17 -10 0.000201151084150702
17 -9 0.0002275955493210203
17 -8 0.0002126087094238529
17 -7 0.00023599774460510993
17 -6 0.00022652424184163767
17 -5 0.00023776361625031108
17 -4 0.0002387091141188023
17 -3 0.00023715343271104862
17 -2 0.00024604409671811177
17 -1 0.00023583547459963503
17 0 0.0002493124246504197
17 1 0.00023360579218328835
17 2 0.00025051138970584965
17 3 0.00022970978752594783
17 4 0.00024852553599307386
17 5 0.00022504711170328063
17 6 0.00023989934050062394
17 7 0.00022196088211924519
17 8 0.0002238253899033694
17 9 0.0002180848392444152
17 10 0.00020645023640412398
17 11 0.00021310824517527631
17 12 0.00019867399734210816
17 13 0.00019855004848275611
17 14 0.00019734098055765873
17 15 0.0001628727660107162
17 16 0.00026735706710137103
17 17 0.00011706866401487893
17 18 9.389516984695194e-05
17 19 0.0004262495265306765
18 -18 5.3846828834747274e-05
18 -17 0.00027224053867630705
18 -16 0.00013489442726741311
18 -15 0.00042619493599849265
18 -14 0.00019804495970333325
18 -13 0.0001660025545812538
18 -12 0.0002346839950236651
18 -11 0.0001778055365700523
18 -10 0.00022736805418108104
18 -9 0.00019072265593350407
18 -8 0.00022925409646801372
18 -7 0.00020867018869812727
18 -6 0.0002321292662920847
18 -5 0.00022692945599207367
18 -4 0.0002305129210453358
18 -3 0.00023892873298231982
18 -2 0.00022868135686305668
18 -1 0.00024362055736526
18 0 0.00022693959770747794
18 1 0.00024554140555312163
18 2 0.00022382419887493658
18 3 0.0002462269375410133
18 4 0.0002187535960893225
18 5 0.00024087002604648207
18 6 0.00021465958292952105
18 7 0.0002250754841126832
18 8 0.0002129011690726202
18 9 0.00020208584600650393
18 10 0.00021779808531576439
18 11 0.00018298041351648723
18 12 0.00022732340197720137
18 13 0.00017395907107054157
18 14 0.00018239613414874087
18 15 0.00044403183174872003
18 16 0.00011224171374290965
18 17 0.0002896850145663829
18 18 4.239643952060664e-05
19 -17 4.903591015205077e-05
19 -16 0.000649709689846636
19 -15 0.0001419430100773541
19 -14 0.00040771925104686046
19 -13 0.0002559909434933416
19 -12 0.0001449081408532807
19 -11 0.000265403371440957
19 -10 0.00016206531737894685
19 -9 0.00022970807931415796
19 -8 0.00018419258548979522
19 -7 0.00022500739737697163
19 -6 0.00021024232047157443
19 -5 0.0002229940492378845
19 -4 0.00023067279245339757
19 -3 0.00021999742651347372
19 -2 0.00023904265889856192
19 -1 0.00021839417882668822
19 0 0.00024049439691099553
19 1 0.00021661838505716965
19 2 0.00024218706329824158
19 3 0.00021224532753499106
19 4 0.00024089338174539815
19 5 0.00020653827749812326
19 6 0.00022777873688049248
19 7 0.00020399825142026915
19 8 0.00020161534383980294
19 9 0.00021332056263733792
19 10 0.00017195491373341807
19 11 0.0002568411017637598
19 12 0.0001498644509784067
19 13 0.0002478553368495215
19 14 0.0004167268225337763
19 15 0.00012869166858854329
19 16 0.0006619948850125152
19 17 4.0082844175139995e-05
20 -16 4.893761904602304e-05
20 -15 0.0005336293711967535
20 -14 0.0001941249696658305
20 -13 0.00019358558769607884
20 -12 0.0003163624194721712
20 -11 0.00012425323136701594
20 -10 0.0002632444847822006
20 -9 0.00015050891093946206
20 -8 0.00021774150498512194
20 -7 0.00018389552793149306
20 -6 0.00021176834136216904
20 -5 0.0002160439650631583
20 -4 0.0002081278066736328
20 -3 0.00023340328781353136
20 -2 0.0002061751493475898
20 -1 0.00023569497378058196
20 0 0.0002057379170690887
20 1 0.00023565804758953813
20 2 0.00020340171945224295
20 3 0.00023714835690471633
20 4 0.0001972326704492233
20 5 0.0002289906178062444
20 6 0.00019151720539862426
20 7 0.0002031179884634922
20 8 0.00019621586178825162
20 9 0.00016610004040108571
20 10 0.0002495928794890612
20 11 0.00013146683927700052
20 12 0.00030993791773942063
20 13 0.0001977601656615009
20 14 0.00018809260027106793
20 15 0.0005394810289885041
20 16 4.384996609235063e-05
21 -15 0.0054791144667675745
21 -14 0.00013092881371833917
21 -13 0.00024607959864048556
21 -12 7.649152415353837e-05
21 -11 0.0002977168348440973
21 -10 0.00010734328176868398
21 -9 0.00021931157618743734
21 -8 0.00014445608370293784
21 -7 0.00019260747353460597
21 -6 0.00018734463060817756
21 -5 0.0001897444242835382
21 -4 0.00021932292879962034
21 -3 0.00018815144709783245
21 -2 0.00022837585064128745
21 -1 0.00018866715970106162
21 0 0.00022594178677121286
21 1 0.00018894001351420377
21 2 0.00022663144407597747
21 3 0.00018456782119219772
21 4 0.0002237979359336207
21 5 0.00017598798600562438
21 6 0.0002019777022229035
21 7 0.00017147838226240966
21 8 0.0001620749055375356
21 9 0.00020143843186743585
21 10 0.00011851658398979419
21 11 0.0002888992080607759
21 12 8.05119229551877e-05
21 13 0.0002426887281976413
21 14 0.00013271482795910566
21 15 0.005486794801696548
22 -13 2.5096941172379837e-05
22 -12 0.00019288247226843894
22 -11 5.7911486197671704e-05
22 -10 0.0002029979989550495
22 -9 9.274823739091831e-05
22 -8 0.0001614114127818014
22 -7 0.00014010714454990646
22 -6 0.00015906341949932208
22 -5 0.00018620123492526196
22 -4 0.00016145232415164056
22 -3 0.00021014861865142388
22 -2 0.00016346482660539307
22 -1 0.0002101685534356861
22 0 0.00016590576511426016
22 1 0.0002072197233000108
22 2 0.0001649200491651112
22 3 0.00020697621519882083
22 4 0.0001566053031826041
22 5 0.00019184543602737388
22 6 0.00014431753928580005
22 7 0.00015389151815852414
22 8 0.00014407014545374483
22 9 0.00010505376763646963
22 10 0.00019210825884581926
22 11 6.353891663382557e-05
22 12 0.0001895015345205991
22 13 2.6288326728897453e-05
23 -12 0.005140624820996393
23 -11 9.111256798551647e-05
23 -10 3.8179342817153864e-05
23 -9 9.915658660747048e-05
23 -8 7.809773786841813e-05
23 -7 0.0001103931854662901
23 -6 0.00012766104798994884
23 -5 0.00012182070063782321
23 -4 0.0001698794371123623
23 -3 0.0001289075294728539
23 -2 0.00018121531178557303
23 -1 0.0001331468294065124
23 0 0.0001769165017539915
23 1 0.00013526324808314295
23 2 0.0001754046457584556
23 3 0.0001305615509913158
23 4 0.00016727388346648612
23 5 0.0001159288568499809
23 6 0.00013377175283264448
23 7 9.852586884665296e-05
23 8 8.726845311122562e-05
23 9 9.044333722034678e-05
23 10 4.3314155433714774e-05
23 11 8.769481331999705e-05
23 12 0.005148983922448124
24 -9 0.006184891754993613
24 -8 4.050866074562653e-05
24 -7 5.470256033676189e-05
24 -6 6.308365421382097e-05
24 -5 0.00010216502380180664
24 -4 8.432855487869067e-05
24 -3 0.0001311471585681227
24 -2 9.17542369483638e-05
24 -1 0.00013232135789521704
24 0 9.542179385902988e-05
24 1 0.0001289547785460239
24 2 9.490991762671506e-05
24 3 0.00012551305806833682
24 4 8.480360885715818e-05
24 5 0.00010152117549376956
24 6 5.849701251431947e-05
24 7 5.862389267066708e-05
24 8 3.5891757603494424e-05
24 9 0.006195755522018922
25 -7 0.003204419026366067
25 -6 0.006003385619790787
25 -5 2.9741042690591515e-05
25 -4 6.137794124339726e-05
25 -3 4.488089923696082e-05
25 -2 7.108668734020961e-05
25 -1 4.8584223428501335e-05
25 0 6.934456970858015e-05
25 1 4.988003239440368e-05
25 2 6.774681651047892e-05
25 3 4.674656949357985e-05
25 4 5.873799061852055e-05
25 5 2.9569077971334458e-05
25 6 0.006012566371909956
25 7 0.003208734808409671
